2 0.001
8 0.001
8 0
8 0.001
10 0.001
10 0.001
10 0.001
11 0.001
11 0.001
16 0.002
16 0.001
2 0
21 0.002
21 0.003
26 0.004
26 0.003
31 0.004
31 0.007
36 0.005
36 0.005
41 0.005
41 0.04
2 0.001
46 0.007
46 0.007
51 0.007
51 0.008
56 0.01
56 0.009
61 0.011
61 0.011
66 0.013
66 0.016
4 0
71 0.014
183 0.104
295 0.299
407 0.551
519 0.96
631 1.485
743 2.187
855 3.108
967 4.311
1079 6.142
4 0.002
1191 8.198
1303 10.701
1415 13.801
1527 18.726
1639 25.359
1751 32.073
1863 40.413
1975 50.216
2087 59.509
2199 70.539
4 0.006
2311 80.453
2423 110.217
3 0.007
4 0.002
2 0
6 0
6 0.001
6 0.001
