2 0.001
8 0.001
8 0.001
8 0.001
10 0.002
10 0.001
10 0.001
11 0.017
11 0.002
16 0.018
16 0.01
2 0.001
21 0.03
21 0.016
26 0.017
26 0.044
31 0.029
31 0.033
36 0.031
36 0.032
41 0.022
41 0.022
2 0.001
46 0.02
46 0.054
51 0.018
51 0.028
56 0.012
56 0.039
61 0.037
61 0.048
66 0.069
66 0.041
4 0.002
71 0.078
183 0.16
295 0.411
407 0.627
519 1.704
631 2.1
743 2.497
855 3.124
967 3.53
1079 9.573
4 0.002
1191 11.286
1303 12.077
1415 12.445
1527 12.439
1639 13.564
1751 14.57
1863 15.454
1975 17.242
2087 56.364
2199 60.211
6 0.006
4 0.001
2311 59.059
2423 60.014
3 0.007
4 0.002
2 0
6 0
6 0
